# Chapter 4 The `tidyverse`

The `tidyverse` is the name given to a certain number of packages, most
of all (if not all?) developed by, or co-developed by, Hadley Wickham.
There's a website that introduces them all: [The
tidyverse](http://tidyverse.org/). In this chapter, we are going to
learn about some functions of some of these packages. We already know a
little bit about `purrr`; let's discover what these other packages have
to offer\!

However, before reading everything that follows, I'd suggest you watch
Hadley Wickham's talk [Expressing yourself with
R](https://www.youtube.com/watch?v=1POb5fx_m3I). R is a computer
*language*, and as with any language we really are writing things that
are supposed to be read and understood by others, not just the computer.
Even if you're working alone, you owe it to your future self to write
clean, easy to understand code. Using the tidyverse and adopting the
principles presented in the talk will put you in the right mindset for
everything that follows\!

First of all, let's install the `tidyverse` packages. You can install
them one by one, or you can install the `tidyverse` meta-package:

``` sourceCode r
install.packages("tidyverse")
```

I suggest you do just that, as we're going to skim over all the
packages. To start an analysis, we first have to import data into R.

## 4.1 Smoking is bad for you, but pipes are your friend

The title of this section might sound weird at first, but by the end of
it, you'll get this (terrible) pun.

You probably know the following painting by René Magritte, *La trahison
des images*:

![](images/pas_une_pipe.png)

It turns out there's an R package from the `tidyverse` that is called
`magrittr`. What does this package do? It brings *pipes* to R. Pipes are
a concept from the Unix operating system; if you're using a GNU+Linux
distribution or macOS, you're basically using a *modern* unix. (That's
an oversimplification, but I'm an economist by training, and
outrageously oversimplifying things is what we do, deal with it.)

The idea of pipes is to take the output of a command, and *feed* it as
the input of another command. The `magrittr` package brings pipes to R,
by using the weird looking `%>%`. Try the following:

``` sourceCode r
library(magrittr)
```

``` sourceCode r
16 %>% sqrt
```

    ## [1] 4

Super weird right? But you probably understand what happened; `16` got
fed as the first argument of the function `sqrt()`. You can chain
multiple functions:

``` sourceCode r
16 %>% sqrt %>% `+`(18)
```

    ## [1] 22

The output of `16` (`16`) got fed to `sqrt()`, and the output of
`sqrt(16)` (4) got fed to `+(18)` (22). Without `%>%` you'd write the
line just above like this:

``` sourceCode r
sqrt(16) + 18
```

    ## [1] 22

It might not be very clear right now why this is useful, but the `%>%`
is probably one of the best things that R has, because when using
packages from the `tidyverse`, you will naturally want to chain a lot of
functions together. Without the `%>%` it would become messy very fast.

`%>%` is not the only pipe operator in `magrittr`. There's `%T%`, `%<>%`
and `%$%`. All have their uses, but are basically shortcuts to some
common tasks with `%>%` plus another function. Which means that you can
live without them, and because of this, I will only discuss them briefly
once we'll have learned about the other `tidyverse`
packages.

## 4.2 Getting data into R with `readr`, `readxl`, `haven` and what are *tibbles*

You probably already know how to import data in R, but maybe you are not
familiar with these packages. Using them is pretty straightforward, and
I will only discuss `haven` a little bit more than `readr` or `readxl`.
`readr` allows you to import `*.csv` files as well as other files in
plain text. The functions included in `readr` are fairly
straightforward, but there is an aspect that I really like about them:
if they fail to read your data you can get a report of what went wrong
with the `problems()` function. I suggest you read the [Data import
chapter](http://r4ds.had.co.nz/data-import.html) of R for Data Science,
to get to know `readr` better. But for our purposes, knowing the basic
`read_csv()` function is enough.

`readxl` is very similar to `readr` but focuses on importing Excel
sheets into R. Read more about it on the [tidyverse
website](http://readxl.tidyverse.org/).

`haven` imports data from STATA, SAS and SPSS. I'm going into a bit more
detail here, by showing an example with a STATA file. STATA files are
usually labelled, and I'd like to show how to work with these labels
using R. We're going to work with the `mtcars` dataset. I used STATA 14
to label the variables; so the dataset looks like one you could have to
work with one day.

``` sourceCode r
mtcars_stata <- haven::read_dta("images/mtcars.dta")
head(mtcars_stata)
```

    ## # A tibble: 6 x 12
    ##                 car   mpg   cyl  disp    hp  drat    wt  qsec    vs    am
    ##               <chr> <dbl> <dbl> <dbl> <dbl> <dbl> <dbl> <dbl> <dbl> <dbl>
    ## 1         Mazda RX4  21.0     6   160   110  3.90 2.620 16.46     0     1
    ## 2     Mazda RX4 Wag  21.0     6   160   110  3.90 2.875 17.02     0     1
    ## 3        Datsun 710  22.8     4   108    93  3.85 2.320 18.61     1     1
    ## 4    Hornet 4 Drive  21.4     6   258   110  3.08 3.215 19.44     1     0
    ## 5 Hornet Sportabout  18.7     8   360   175  3.15 3.440 17.02     0     0
    ## 6           Valiant  18.1     6   225   105  2.76 3.460 20.22     1     0
    ## # ... with 2 more variables: gear <dbl>, carb <dbl>

You don't see it here, but the columns are labelled. Try the
    following:

``` sourceCode r
str(mtcars_stata$car)
```

    ##  atomic [1:32] Mazda RX4 Mazda RX4 Wag Datsun 710 Hornet 4 Drive ...
    ##  - attr(*, "label")= chr "Make and model of the car"
    ##  - attr(*, "format.stata")= chr "%19s"

As you can see, the `car` column has the `label` attribute, which equals
“Make and model of the car”. The other columns are also labelled:

``` sourceCode r
str(mtcars_stata$cyl)
```

    ##  atomic [1:32] 6 6 4 6 8 6 8 4 4 6 ...
    ##  - attr(*, "label")= chr "Number of cylinders"
    ##  - attr(*, "format.stata")= chr "%8.0g"

``` sourceCode r
str(mtcars_stata$am)
```

    ##  atomic [1:32] 1 1 1 0 0 0 0 0 0 0 ...
    ##  - attr(*, "label")= chr "Transmission (0 = automatic, 1 = manual)"
    ##  - attr(*, "format.stata")= chr "%8.0g"

Another way to get the label is to use the `attr()` function:

``` sourceCode r
attr(mtcars_stata$cyl, "label")
```

    ## [1] "Number of cylinders"

Let's use what we learned until now to get the labels of all the
columns:

``` sourceCode r
show_labels <- function(dataset){
  map(dataset, function(col)(attr(col, "label")))
}

show_labels(mtcars_stata)
```

    ## $car
    ## [1] "Make and model of the car"
    ## 
    ## $mpg
    ## [1] "Miles/(US) gallon"
    ## 
    ## $cyl
    ## [1] "Number of cylinders"
    ## 
    ## $disp
    ## [1] "Displacement (cu.in.)"
    ## 
    ## $hp
    ## [1] "Gross horsepower"
    ## 
    ## $drat
    ## [1] "Rear axle ratio"
    ## 
    ## $wt
    ## [1] "Weight (1000 lbs)"
    ## 
    ## $qsec
    ## [1] "1/4 mile time"
    ## 
    ## $vs
    ## [1] "V/S"
    ## 
    ## $am
    ## [1] "Transmission (0 = automatic, 1 = manual)"
    ## 
    ## $gear
    ## [1] "Number of forward gears"
    ## 
    ## $carb
    ## [1] "Number of carburetors"

Could we label any dataset and then export it to a `.dta` file and have
the labels in STATA? Let's find out with the `cars` dataset:

``` sourceCode r
data(cars)

attr(cars$speed, "label") <- "Speed (mph)"
attr(cars$dist, "label") <- "Stopping distance (feet)"

haven::write_dta(cars, "images/cars.dta")
```

Below you see that `cars.dta` file opened in STATA:

![](images/cars_dta.png)

When you use any of the discussed packages to import data, the resulting
object is a `tibble`. `tibble`s are modern day ‘data.frame's. The first
thing you might have noticed is when you print a `tibble` vs a
'data.frame':

``` sourceCode r
data(mtcars)

print(mtcars)
```

    ##                      mpg cyl  disp  hp drat    wt  qsec vs am gear carb
    ## Mazda RX4           21.0   6 160.0 110 3.90 2.620 16.46  0  1    4    4
    ## Mazda RX4 Wag       21.0   6 160.0 110 3.90 2.875 17.02  0  1    4    4
    ## Datsun 710          22.8   4 108.0  93 3.85 2.320 18.61  1  1    4    1
    ## Hornet 4 Drive      21.4   6 258.0 110 3.08 3.215 19.44  1  0    3    1
    ## Hornet Sportabout   18.7   8 360.0 175 3.15 3.440 17.02  0  0    3    2
    ## Valiant             18.1   6 225.0 105 2.76 3.460 20.22  1  0    3    1
    ## Duster 360          14.3   8 360.0 245 3.21 3.570 15.84  0  0    3    4
    ## Merc 240D           24.4   4 146.7  62 3.69 3.190 20.00  1  0    4    2
    ## Merc 230            22.8   4 140.8  95 3.92 3.150 22.90  1  0    4    2
    ## Merc 280            19.2   6 167.6 123 3.92 3.440 18.30  1  0    4    4
    ## Merc 280C           17.8   6 167.6 123 3.92 3.440 18.90  1  0    4    4
    ## Merc 450SE          16.4   8 275.8 180 3.07 4.070 17.40  0  0    3    3
    ## Merc 450SL          17.3   8 275.8 180 3.07 3.730 17.60  0  0    3    3
    ## Merc 450SLC         15.2   8 275.8 180 3.07 3.780 18.00  0  0    3    3
    ## Cadillac Fleetwood  10.4   8 472.0 205 2.93 5.250 17.98  0  0    3    4
    ## Lincoln Continental 10.4   8 460.0 215 3.00 5.424 17.82  0  0    3    4
    ## Chrysler Imperial   14.7   8 440.0 230 3.23 5.345 17.42  0  0    3    4
    ## Fiat 128            32.4   4  78.7  66 4.08 2.200 19.47  1  1    4    1
    ## Honda Civic         30.4   4  75.7  52 4.93 1.615 18.52  1  1    4    2
    ## Toyota Corolla      33.9   4  71.1  65 4.22 1.835 19.90  1  1    4    1
    ## Toyota Corona       21.5   4 120.1  97 3.70 2.465 20.01  1  0    3    1
    ## Dodge Challenger    15.5   8 318.0 150 2.76 3.520 16.87  0  0    3    2
    ## AMC Javelin         15.2   8 304.0 150 3.15 3.435 17.30  0  0    3    2
    ## Camaro Z28          13.3   8 350.0 245 3.73 3.840 15.41  0  0    3    4
    ## Pontiac Firebird    19.2   8 400.0 175 3.08 3.845 17.05  0  0    3    2
    ## Fiat X1-9           27.3   4  79.0  66 4.08 1.935 18.90  1  1    4    1
    ## Porsche 914-2       26.0   4 120.3  91 4.43 2.140 16.70  0  1    5    2
    ## Lotus Europa        30.4   4  95.1 113 3.77 1.513 16.90  1  1    5    2
    ## Ford Pantera L      15.8   8 351.0 264 4.22 3.170 14.50  0  1    5    4
    ## Ferrari Dino        19.7   6 145.0 175 3.62 2.770 15.50  0  1    5    6
    ## Maserati Bora       15.0   8 301.0 335 3.54 3.570 14.60  0  1    5    8
    ## Volvo 142E          21.4   4 121.0 109 4.11 2.780 18.60  1  1    4    2

``` sourceCode r
print(mtcars_stata)
```

    ## # A tibble: 32 x 12
    ##                  car   mpg   cyl  disp    hp  drat    wt  qsec    vs    am
    ##                <chr> <dbl> <dbl> <dbl> <dbl> <dbl> <dbl> <dbl> <dbl> <dbl>
    ##  1         Mazda RX4  21.0     6 160.0   110  3.90 2.620 16.46     0     1
    ##  2     Mazda RX4 Wag  21.0     6 160.0   110  3.90 2.875 17.02     0     1
    ##  3        Datsun 710  22.8     4 108.0    93  3.85 2.320 18.61     1     1
    ##  4    Hornet 4 Drive  21.4     6 258.0   110  3.08 3.215 19.44     1     0
    ##  5 Hornet Sportabout  18.7     8 360.0   175  3.15 3.440 17.02     0     0
    ##  6           Valiant  18.1     6 225.0   105  2.76 3.460 20.22     1     0
    ##  7        Duster 360  14.3     8 360.0   245  3.21 3.570 15.84     0     0
    ##  8         Merc 240D  24.4     4 146.7    62  3.69 3.190 20.00     1     0
    ##  9          Merc 230  22.8     4 140.8    95  3.92 3.150 22.90     1     0
    ## 10          Merc 280  19.2     6 167.6   123  3.92 3.440 18.30     1     0
    ## # ... with 22 more rows, and 2 more variables: gear <dbl>, carb <dbl>

Only the first 10 lines of the `tibble` get printed, but the number of
remaining lines and the names of the columns that didn't find are shown
as well as the types of the columns.

You can easily create a `tibble` from vectors:

``` sourceCode r
library(tibble)

set.seed(123)
example <- tibble(a = seq(1,5), b = rnorm(5), c = rpois(5, 3))

print(example)
```

    ## # A tibble: 5 x 3
    ##       a           b     c
    ##   <int>       <dbl> <int>
    ## 1     1 -0.56047565     6
    ## 2     2 -0.23017749     3
    ## 3     3  1.55870831     4
    ## 4     4  0.07050839     3
    ## 5     5  0.12928774     1

Even better than `print()`, there's `glimpse()`:

``` sourceCode r
glimpse(mtcars_stata)
```

    ## Observations: 32
    ## Variables: 12
    ## $ car  <chr> "Mazda RX4", "Mazda RX4 Wag", "Datsun 710", "Hornet 4 Dri...
    ## $ mpg  <dbl> 21.0, 21.0, 22.8, 21.4, 18.7, 18.1, 14.3, 24.4, 22.8, 19....
    ## $ cyl  <dbl> 6, 6, 4, 6, 8, 6, 8, 4, 4, 6, 6, 8, 8, 8, 8, 8, 8, 4, 4, ...
    ## $ disp <dbl> 160.0, 160.0, 108.0, 258.0, 360.0, 225.0, 360.0, 146.7, 1...
    ## $ hp   <dbl> 110, 110, 93, 110, 175, 105, 245, 62, 95, 123, 123, 180, ...
    ## $ drat <dbl> 3.90, 3.90, 3.85, 3.08, 3.15, 2.76, 3.21, 3.69, 3.92, 3.9...
    ## $ wt   <dbl> 2.620, 2.875, 2.320, 3.215, 3.440, 3.460, 3.570, 3.190, 3...
    ## $ qsec <dbl> 16.46, 17.02, 18.61, 19.44, 17.02, 20.22, 15.84, 20.00, 2...
    ## $ vs   <dbl> 0, 0, 1, 1, 0, 1, 0, 1, 1, 1, 1, 0, 0, 0, 0, 0, 0, 1, 1, ...
    ## $ am   <dbl> 1, 1, 1, 0, 0, 0, 0, 0, 0, 0, 0, 0, 0, 0, 0, 0, 0, 1, 1, ...
    ## $ gear <dbl> 4, 4, 4, 3, 3, 3, 3, 4, 4, 4, 4, 3, 3, 3, 3, 3, 3, 4, 4, ...
    ## $ carb <dbl> 4, 4, 1, 1, 2, 1, 4, 2, 2, 4, 4, 3, 3, 3, 4, 4, 4, 1, 2, ...

`tibble`s are lazy, which means that something like this is valid:

``` sourceCode r
set.seed(123)
example <- tibble(a = seq(1,5), b = rnorm(5), c = 10 * b)

glimpse(example)
```

    ## Observations: 5
    ## Variables: 3
    ## $ a <int> 1, 2, 3, 4, 5
    ## $ b <dbl> -0.56047565, -0.23017749, 1.55870831, 0.07050839, 0.12928774
    ## $ c <dbl> -5.6047565, -2.3017749, 15.5870831, 0.7050839, 1.2928774

The `tibble` package contains some other useful functions, such as
`tribble()`, which allows you to create a `tibble` row by row:

``` sourceCode r
set.seed(123)

example <- tribble(
  ~a, ~b, ~c,
  1, 2, "spam",
  3, 4, "eggs",
  5, 6, "bacon"
)

glimpse(example)
```

    ## Observations: 3
    ## Variables: 3
    ## $ a <dbl> 1, 3, 5
    ## $ b <dbl> 2, 4, 6
    ## $ c <chr> "spam", "eggs", "bacon"

Another thing I find very useful is the
    following:

``` sourceCode r
mtcars$m
```

    ##  [1] 21.0 21.0 22.8 21.4 18.7 18.1 14.3 24.4 22.8 19.2 17.8 16.4 17.3 15.2
    ## [15] 10.4 10.4 14.7 32.4 30.4 33.9 21.5 15.5 15.2 13.3 19.2 27.3 26.0 30.4
    ## [29] 15.8 19.7 15.0 21.4

``` sourceCode r
mtcars_stata$m
```

    ## Warning: Unknown or uninitialised column: 'm'.

    ## NULL

`mtcars$m` shows the `mpg` column… for some reason. There might be a
good reason for this, but I prefer `tibble`s' behaviour of notifying the
user that this column does not exist.

It is possible to convert a lot of objects into `tibble`s:

``` sourceCode r
example <- matrix(rnorm(36), nrow = 6)

as_tibble(example)
```

    ## # A tibble: 6 x 6
    ##            V1         V2         V3         V4         V5         V6
    ##         <dbl>      <dbl>      <dbl>      <dbl>      <dbl>      <dbl>
    ## 1 -0.56047565  0.4609162  0.4007715  0.7013559 -0.6250393  0.4264642
    ## 2 -0.23017749 -1.2650612  0.1106827 -0.4727914 -1.6866933 -0.2950715
    ## 3  1.55870831 -0.6868529 -0.5558411 -1.0678237  0.8377870  0.8951257
    ## 4  0.07050839 -0.4456620  1.7869131 -0.2179749  0.1533731  0.8781335
    ## 5  0.12928774  1.2240818  0.4978505 -1.0260044 -1.1381369  0.8215811
    ## 6  1.71506499  0.3598138 -1.9666172 -0.7288912  1.2538149  0.6886403

``` sourceCode r
example_df <- as.data.frame(example)

as_tibble(example_df)
```

    ## # A tibble: 6 x 6
    ##            V1         V2         V3         V4         V5         V6
    ##         <dbl>      <dbl>      <dbl>      <dbl>      <dbl>      <dbl>
    ## 1 -0.56047565  0.4609162  0.4007715  0.7013559 -0.6250393  0.4264642
    ## 2 -0.23017749 -1.2650612  0.1106827 -0.4727914 -1.6866933 -0.2950715
    ## 3  1.55870831 -0.6868529 -0.5558411 -1.0678237  0.8377870  0.8951257
    ## 4  0.07050839 -0.4456620  1.7869131 -0.2179749  0.1533731  0.8781335
    ## 5  0.12928774  1.2240818  0.4978505 -1.0260044 -1.1381369  0.8215811
    ## 6  1.71506499  0.3598138 -1.9666172 -0.7288912  1.2538149  0.6886403

``` sourceCode r
example_list <- list(a = seq(1,5), b = seq(6, 10))

as_tibble(example_list)
```

    ## # A tibble: 5 x 2
    ##       a     b
    ##   <int> <int>
    ## 1     1     6
    ## 2     2     7
    ## 3     3     8
    ## 4     4     9
    ## 5     5    10

You can also convert named vectors to `tibble`s with enframe:

``` sourceCode r
recipe <- c("spam" = 1, "eggs" = 3, "bacon" = 10)

enframe(recipe, "ingredients", "quantity")
```

    ## # A tibble: 3 x 2
    ##   ingredients quantity
    ##         <chr>    <dbl>
    ## 1        spam        1
    ## 2        eggs        3
    ## 3       bacon       10

Contrast this to `as_tibble()` or as `as.data.frame()`:

``` sourceCode r
as.data.frame(recipe)
```

    ##       recipe
    ## spam       1
    ## eggs       3
    ## bacon     10

``` sourceCode r
as_tibble(recipe)
```

    ## # A tibble: 3 x 1
    ##   value
    ## * <dbl>
    ## 1     1
    ## 2     3
    ## 3    10

There are a lot of other functions in the `tibble` package that you
might find useful. I suggest you take a look at all of them and see what
you can integrate in your workflow\!

## 4.3 Transforming your data with `dplyr`

You may have never heard of the `tidyverse`, but you most certainly
heard about `dplyr` and `tidyr`. Both these packages are probably the
most popular packages of the tidyverse. Even if you know these packages
already, you might not be using some more advanced functions, I'm
talking about the *scoped* version of the usual `dplyr` *verbs* (`dplyr`
*verbs* is how Hadley Wickham refers to the functions included in the
package: `group_by()`, `select()`, etc).

This is going to be long, so prepare some coffee, lock the door to your
study, turn off your phone and buckle up.

### 4.3.1 `filter()` and friends

We're going to use the `Gasoline` dataset from the `plm` package, so
install that first:

``` sourceCode r
install.packages("plm")
```

Then load the required data:

``` sourceCode r
data(Gasoline, package = "plm")
```

and load dplyr:

``` sourceCode r
library(dplyr)
```

    ## 
    ## Attaching package: 'dplyr'

    ## The following objects are masked from 'package:stats':
    ## 
    ##     filter, lag

    ## The following objects are masked from 'package:base':
    ## 
    ##     intersect, setdiff, setequal, union

This dataset gives the consumption of gasoline for 18 countries from
1960 to 1978. When you load the data like this, it is a standard
`data.frame`. `dplyr` functions can be used on standard `data.frame`
objects, but just because we learned about `tibble`'s, let's convert the
data to a `tibble` and change its name:

``` sourceCode r
gasoline <- as_tibble(Gasoline)
```

`filter()` is pretty straightforward. What if you would like to subset
the data to focus on the year 1969? Simple:

``` sourceCode r
filter(gasoline, year == 1969)
```

    ## # A tibble: 18 x 6
    ##     country  year lgaspcar  lincomep      lrpmg   lcarpcap
    ##      <fctr> <int>    <dbl>     <dbl>      <dbl>      <dbl>
    ##  1  AUSTRIA  1969 4.046355 -6.153140 -0.5591105  -8.788686
    ##  2  BELGIUM  1969 3.854601 -5.857532 -0.3548085  -8.521453
    ##  3   CANADA  1969 4.864433 -5.560853 -1.0368639  -8.095113
    ##  4  DENMARK  1969 4.173561 -5.722769 -0.4068792  -8.470459
    ##  5   FRANCE  1969 3.773460 -5.840774 -0.3151909  -8.369136
    ##  6  GERMANY  1969 3.899185 -5.829641 -0.5892314  -8.438061
    ##  7   GREECE  1969 4.894773 -6.591104 -0.1798700 -10.713848
    ##  8  IRELAND  1969 4.208613 -6.379743 -0.2716284  -8.947265
    ##  9    ITALY  1969 3.737389 -6.282857 -0.2475668  -8.666004
    ## 10    JAPAN  1969 4.518290 -6.159308 -0.4168502  -9.607600
    ## 11 NETHERLA  1969 3.987689 -5.880556 -0.4169496  -8.634102
    ## 12   NORWAY  1969 4.086823 -5.735319 -0.3382305  -8.694593
    ## 13    SPAIN  1969 3.994103 -5.601046  0.6694895  -9.720425
    ## 14   SWEDEN  1969 3.991715 -7.771081 -2.7319041  -8.197462
    ## 15 SWITZERL  1969 4.211290 -5.912172 -0.9181216  -8.473379
    ## 16   TURKEY  1969 5.720705 -7.388646 -0.2984542 -12.518545
    ## 17     U.K.  1969 3.948058 -6.031953 -0.3833246  -8.468119
    ## 18   U.S.A.  1969 4.841383 -5.414374 -1.2231427  -7.792706

Remember the pipe operator, `%>%` from the start of this chapter? Here's
how this would work with it:

``` sourceCode r
gasoline %>% filter(year == 1969)
```

    ## # A tibble: 18 x 6
    ##     country  year lgaspcar  lincomep      lrpmg   lcarpcap
    ##      <fctr> <int>    <dbl>     <dbl>      <dbl>      <dbl>
    ##  1  AUSTRIA  1969 4.046355 -6.153140 -0.5591105  -8.788686
    ##  2  BELGIUM  1969 3.854601 -5.857532 -0.3548085  -8.521453
    ##  3   CANADA  1969 4.864433 -5.560853 -1.0368639  -8.095113
    ##  4  DENMARK  1969 4.173561 -5.722769 -0.4068792  -8.470459
    ##  5   FRANCE  1969 3.773460 -5.840774 -0.3151909  -8.369136
    ##  6  GERMANY  1969 3.899185 -5.829641 -0.5892314  -8.438061
    ##  7   GREECE  1969 4.894773 -6.591104 -0.1798700 -10.713848
    ##  8  IRELAND  1969 4.208613 -6.379743 -0.2716284  -8.947265
    ##  9    ITALY  1969 3.737389 -6.282857 -0.2475668  -8.666004
    ## 10    JAPAN  1969 4.518290 -6.159308 -0.4168502  -9.607600
    ## 11 NETHERLA  1969 3.987689 -5.880556 -0.4169496  -8.634102
    ## 12   NORWAY  1969 4.086823 -5.735319 -0.3382305  -8.694593
    ## 13    SPAIN  1969 3.994103 -5.601046  0.6694895  -9.720425
    ## 14   SWEDEN  1969 3.991715 -7.771081 -2.7319041  -8.197462
    ## 15 SWITZERL  1969 4.211290 -5.912172 -0.9181216  -8.473379
    ## 16   TURKEY  1969 5.720705 -7.388646 -0.2984542 -12.518545
    ## 17     U.K.  1969 3.948058 -6.031953 -0.3833246  -8.468119
    ## 18   U.S.A.  1969 4.841383 -5.414374 -1.2231427  -7.792706

So `gasoline`, which is a `tibble` object, is passed as the first
argument of the `filter()` function. Starting now, we're only going to
use these pipes. You will see why soon enough, so bear with me.

You can also filter more than just one year, by using the `%in%`
operator:

``` sourceCode r
gasoline %>% filter(year %in% seq(1969, 1973))
```

    ## # A tibble: 90 x 6
    ##    country  year lgaspcar  lincomep      lrpmg  lcarpcap
    ##     <fctr> <int>    <dbl>     <dbl>      <dbl>     <dbl>
    ##  1 AUSTRIA  1969 4.046355 -6.153140 -0.5591105 -8.788686
    ##  2 AUSTRIA  1970 4.080888 -6.081712 -0.5965612 -8.728200
    ##  3 AUSTRIA  1971 4.106720 -6.043626 -0.6544591 -8.635898
    ##  4 AUSTRIA  1972 4.128018 -5.981052 -0.5963318 -8.538338
    ##  5 AUSTRIA  1973 4.199381 -5.895153 -0.5944468 -8.487289
    ##  6 BELGIUM  1969 3.854601 -5.857532 -0.3548085 -8.521453
    ##  7 BELGIUM  1970 3.870392 -5.797201 -0.3779404 -8.453043
    ##  8 BELGIUM  1971 3.872245 -5.761050 -0.3992299 -8.409457
    ##  9 BELGIUM  1972 3.905402 -5.710230 -0.3106458 -8.362588
    ## 10 BELGIUM  1973 3.895996 -5.644145 -0.3730919 -8.314447
    ## # ... with 80 more rows

or even non-consecutive years:

``` sourceCode r
gasoline %>% filter(year %in% c(1969, 1973, 1977))
```

    ## # A tibble: 54 x 6
    ##    country  year lgaspcar  lincomep      lrpmg  lcarpcap
    ##     <fctr> <int>    <dbl>     <dbl>      <dbl>     <dbl>
    ##  1 AUSTRIA  1969 4.046355 -6.153140 -0.5591105 -8.788686
    ##  2 AUSTRIA  1973 4.199381 -5.895153 -0.5944468 -8.487289
    ##  3 AUSTRIA  1977 3.931676 -5.833288 -0.4219156 -8.249563
    ##  4 BELGIUM  1969 3.854601 -5.857532 -0.3548085 -8.521453
    ##  5 BELGIUM  1973 3.895996 -5.644145 -0.3730919 -8.314447
    ##  6 BELGIUM  1977 3.854311 -5.556697 -0.4316413 -8.138534
    ##  7  CANADA  1969 4.864433 -5.560853 -1.0368639 -8.095113
    ##  8  CANADA  1973 4.899694 -5.414753 -1.1331614 -7.942140
    ##  9  CANADA  1977 4.810992 -5.336967 -1.0708445 -7.768793
    ## 10 DENMARK  1969 4.173561 -5.722769 -0.4068792 -8.470459
    ## # ... with 44 more rows

`%in%` tests if an object is part of a set.

`filter()` is not the only *filtering* verb there is. Suppose that we
have a condition that we want to use to filter out a lot of columns at
once. For example, for every column that is of type `numeric`, keep only
the lines where the condition *value \> -8* is satisfied. The next line
does that:

``` sourceCode r
gasoline %>% filter_if( ~all(is.numeric(.)), all_vars(. > -8))
```

    ## # A tibble: 30 x 6
    ##    country  year lgaspcar  lincomep      lrpmg  lcarpcap
    ##     <fctr> <int>    <dbl>     <dbl>      <dbl>     <dbl>
    ##  1  CANADA  1972 4.889302 -5.436603 -1.0996670 -7.989531
    ##  2  CANADA  1973 4.899694 -5.414753 -1.1331614 -7.942140
    ##  3  CANADA  1974 4.891591 -5.418456 -1.1238000 -7.900758
    ##  4  CANADA  1975 4.888471 -5.379097 -1.1856843 -7.873313
    ##  5  CANADA  1976 4.837359 -5.361285 -1.0617966 -7.808425
    ##  6  CANADA  1977 4.810992 -5.336967 -1.0708445 -7.768793
    ##  7  CANADA  1978 4.855846 -5.311272 -1.0749507 -7.788061
    ##  8 GERMANY  1978 3.883879 -5.561733 -0.6281728 -7.950079
    ##  9  SWEDEN  1975 3.973840 -7.679557 -2.7673146 -7.994217
    ## 10  SWEDEN  1976 3.983997 -7.672043 -2.8229448 -7.956066
    ## # ... with 20 more rows

It's a bit more complicated than before. `filter_if()` needs 3 arguments
to work; the data, a predicate function (a function that returns `TRUE`,
or `FALSE`) which will select the columns we want to work on, and then
the condition. The condition can be applied to *all* the columns that
were selected by the predicate function (hence the `all_vars()`) or only
to at least one (you'd use `any_vars()` then). Try to change the
condition, or the predicate function, to figure out how `filter_if()`
works. The dot is a placeholder that stands for whatever columns where
selected.

`filter_at()` works differently; it allows the user to filter columns by
position:

``` sourceCode r
gasoline %>% filter_at(vars(ends_with("p")), all_vars(. > -8))
```

    ## # A tibble: 30 x 6
    ##    country  year lgaspcar  lincomep      lrpmg  lcarpcap
    ##     <fctr> <int>    <dbl>     <dbl>      <dbl>     <dbl>
    ##  1  CANADA  1972 4.889302 -5.436603 -1.0996670 -7.989531
    ##  2  CANADA  1973 4.899694 -5.414753 -1.1331614 -7.942140
    ##  3  CANADA  1974 4.891591 -5.418456 -1.1238000 -7.900758
    ##  4  CANADA  1975 4.888471 -5.379097 -1.1856843 -7.873313
    ##  5  CANADA  1976 4.837359 -5.361285 -1.0617966 -7.808425
    ##  6  CANADA  1977 4.810992 -5.336967 -1.0708445 -7.768793
    ##  7  CANADA  1978 4.855846 -5.311272 -1.0749507 -7.788061
    ##  8 GERMANY  1978 3.883879 -5.561733 -0.6281728 -7.950079
    ##  9  SWEDEN  1975 3.973840 -7.679557 -2.7673146 -7.994217
    ## 10  SWEDEN  1976 3.983997 -7.672043 -2.8229448 -7.956066
    ## # ... with 20 more rows

`end_with()` is a helper function that we are going to use a lot (as
well as `starts_with()` and some others, you'll see..). So the above
line means “for the columns whose name end with a ‘p' only keep the
lines where, for all the selected columns, the values are strictly
superior to `-8`”. Again, this is not very easy the first time you deal
with that, so play around with it for a bit.

`filter_all()`, as the name implies, considers all variables for the
filtering step.

`filter_if()` and `filter_at()` are very useful when you have very large
datasets with a lot of variables and you want to apply a filtering
function only to a subset of them. `filter_all()` is useful if, for
example, you only want to keep the positive values for all the columns.

### 4.3.2 `select()` and its helpers

While `filter()` and its scoped versions allow you to keep or discard
rows of data, `select()` (and its scoped versions) allow you to keep or
discard entire columns. To keep columns:

``` sourceCode r
gasoline %>% select(country, year, lrpmg)
```

    ## # A tibble: 342 x 3
    ##    country  year      lrpmg
    ##  *  <fctr> <int>      <dbl>
    ##  1 AUSTRIA  1960 -0.3345476
    ##  2 AUSTRIA  1961 -0.3513276
    ##  3 AUSTRIA  1962 -0.3795177
    ##  4 AUSTRIA  1963 -0.4142514
    ##  5 AUSTRIA  1964 -0.4453354
    ##  6 AUSTRIA  1965 -0.4970607
    ##  7 AUSTRIA  1966 -0.4668377
    ##  8 AUSTRIA  1967 -0.5058834
    ##  9 AUSTRIA  1968 -0.5224125
    ## 10 AUSTRIA  1969 -0.5591105
    ## # ... with 332 more rows

To discard them:

``` sourceCode r
gasoline %>% select(-country, -year, -lrpmg)
```

    ## # A tibble: 342 x 3
    ##    lgaspcar  lincomep  lcarpcap
    ##  *    <dbl>     <dbl>     <dbl>
    ##  1 4.173244 -6.474277 -9.766840
    ##  2 4.100989 -6.426006 -9.608622
    ##  3 4.073177 -6.407308 -9.457257
    ##  4 4.059509 -6.370679 -9.343155
    ##  5 4.037689 -6.322247 -9.237739
    ##  6 4.033983 -6.294668 -9.123903
    ##  7 4.047537 -6.252545 -9.019822
    ##  8 4.052911 -6.234581 -8.934403
    ##  9 4.045507 -6.206894 -8.847967
    ## 10 4.046355 -6.153140 -8.788686
    ## # ... with 332 more rows

To rename them:

``` sourceCode r
gasoline %>% select(country, date = year, lrpmg)
```

    ## # A tibble: 342 x 3
    ##    country  date      lrpmg
    ##  *  <fctr> <int>      <dbl>
    ##  1 AUSTRIA  1960 -0.3345476
    ##  2 AUSTRIA  1961 -0.3513276
    ##  3 AUSTRIA  1962 -0.3795177
    ##  4 AUSTRIA  1963 -0.4142514
    ##  5 AUSTRIA  1964 -0.4453354
    ##  6 AUSTRIA  1965 -0.4970607
    ##  7 AUSTRIA  1966 -0.4668377
    ##  8 AUSTRIA  1967 -0.5058834
    ##  9 AUSTRIA  1968 -0.5224125
    ## 10 AUSTRIA  1969 -0.5591105
    ## # ... with 332 more rows

There's also `rename()`, but it works a bit differently:

``` sourceCode r
gasoline %>% rename(date = year)
```

    ## # A tibble: 342 x 6
    ##    country  date lgaspcar  lincomep      lrpmg  lcarpcap
    ##  *  <fctr> <int>    <dbl>     <dbl>      <dbl>     <dbl>
    ##  1 AUSTRIA  1960 4.173244 -6.474277 -0.3345476 -9.766840
    ##  2 AUSTRIA  1961 4.100989 -6.426006 -0.3513276 -9.608622
    ##  3 AUSTRIA  1962 4.073177 -6.407308 -0.3795177 -9.457257
    ##  4 AUSTRIA  1963 4.059509 -6.370679 -0.4142514 -9.343155
    ##  5 AUSTRIA  1964 4.037689 -6.322247 -0.4453354 -9.237739
    ##  6 AUSTRIA  1965 4.033983 -6.294668 -0.4970607 -9.123903
    ##  7 AUSTRIA  1966 4.047537 -6.252545 -0.4668377 -9.019822
    ##  8 AUSTRIA  1967 4.052911 -6.234581 -0.5058834 -8.934403
    ##  9 AUSTRIA  1968 4.045507 -6.206894 -0.5224125 -8.847967
    ## 10 AUSTRIA  1969 4.046355 -6.153140 -0.5591105 -8.788686
    ## # ... with 332 more rows

`rename()` does not do any kind of selection, but just renames.

To re-order them:

``` sourceCode r
gasoline %>% select(year, country, lrpmg, everything())
```

    ## # A tibble: 342 x 6
    ##     year country      lrpmg lgaspcar  lincomep  lcarpcap
    ##  * <int>  <fctr>      <dbl>    <dbl>     <dbl>     <dbl>
    ##  1  1960 AUSTRIA -0.3345476 4.173244 -6.474277 -9.766840
    ##  2  1961 AUSTRIA -0.3513276 4.100989 -6.426006 -9.608622
    ##  3  1962 AUSTRIA -0.3795177 4.073177 -6.407308 -9.457257
    ##  4  1963 AUSTRIA -0.4142514 4.059509 -6.370679 -9.343155
    ##  5  1964 AUSTRIA -0.4453354 4.037689 -6.322247 -9.237739
    ##  6  1965 AUSTRIA -0.4970607 4.033983 -6.294668 -9.123903
    ##  7  1966 AUSTRIA -0.4668377 4.047537 -6.252545 -9.019822
    ##  8  1967 AUSTRIA -0.5058834 4.052911 -6.234581 -8.934403
    ##  9  1968 AUSTRIA -0.5224125 4.045507 -6.206894 -8.847967
    ## 10  1969 AUSTRIA -0.5591105 4.046355 -6.153140 -8.788686
    ## # ... with 332 more rows

`everything()` is another of those helper functions (like
`starts_with()`, and `ends_with()`). What if we are only interested in
columns whose name start with “l”?

``` sourceCode r
gasoline %>% select(starts_with("l"))
```

    ## # A tibble: 342 x 4
    ##    lgaspcar  lincomep      lrpmg  lcarpcap
    ##  *    <dbl>     <dbl>      <dbl>     <dbl>
    ##  1 4.173244 -6.474277 -0.3345476 -9.766840
    ##  2 4.100989 -6.426006 -0.3513276 -9.608622
    ##  3 4.073177 -6.407308 -0.3795177 -9.457257
    ##  4 4.059509 -6.370679 -0.4142514 -9.343155
    ##  5 4.037689 -6.322247 -0.4453354 -9.237739
    ##  6 4.033983 -6.294668 -0.4970607 -9.123903
    ##  7 4.047537 -6.252545 -0.4668377 -9.019822
    ##  8 4.052911 -6.234581 -0.5058834 -8.934403
    ##  9 4.045507 -6.206894 -0.5224125 -8.847967
    ## 10 4.046355 -6.153140 -0.5591105 -8.788686
    ## # ... with 332 more rows

The same can be achieved with `select_at()`:

``` sourceCode r
gasoline %>% select_at(vars(starts_with("l")))
```

    ## # A tibble: 342 x 4
    ##    lgaspcar  lincomep      lrpmg  lcarpcap
    ##  *    <dbl>     <dbl>      <dbl>     <dbl>
    ##  1 4.173244 -6.474277 -0.3345476 -9.766840
    ##  2 4.100989 -6.426006 -0.3513276 -9.608622
    ##  3 4.073177 -6.407308 -0.3795177 -9.457257
    ##  4 4.059509 -6.370679 -0.4142514 -9.343155
    ##  5 4.037689 -6.322247 -0.4453354 -9.237739
    ##  6 4.033983 -6.294668 -0.4970607 -9.123903
    ##  7 4.047537 -6.252545 -0.4668377 -9.019822
    ##  8 4.052911 -6.234581 -0.5058834 -8.934403
    ##  9 4.045507 -6.206894 -0.5224125 -8.847967
    ## 10 4.046355 -6.153140 -0.5591105 -8.788686
    ## # ... with 332 more rows

`select_at()` can be quite useful if you know the position of the
columns you're interested in:

``` sourceCode r
gasoline %>% select_at(vars(c(1,2,5)))
```

    ## # A tibble: 342 x 3
    ##    country  year      lrpmg
    ##  *  <fctr> <int>      <dbl>
    ##  1 AUSTRIA  1960 -0.3345476
    ##  2 AUSTRIA  1961 -0.3513276
    ##  3 AUSTRIA  1962 -0.3795177
    ##  4 AUSTRIA  1963 -0.4142514
    ##  5 AUSTRIA  1964 -0.4453354
    ##  6 AUSTRIA  1965 -0.4970607
    ##  7 AUSTRIA  1966 -0.4668377
    ##  8 AUSTRIA  1967 -0.5058834
    ##  9 AUSTRIA  1968 -0.5224125
    ## 10 AUSTRIA  1969 -0.5591105
    ## # ... with 332 more rows

This also works with `filter_at()` by the way.

`select_if()` makes it easy to select columns that satisfy a criterium:

``` sourceCode r
gasoline %>% select_if(is.numeric)
```

    ## # A tibble: 342 x 5
    ##     year lgaspcar  lincomep      lrpmg  lcarpcap
    ##  * <int>    <dbl>     <dbl>      <dbl>     <dbl>
    ##  1  1960 4.173244 -6.474277 -0.3345476 -9.766840
    ##  2  1961 4.100989 -6.426006 -0.3513276 -9.608622
    ##  3  1962 4.073177 -6.407308 -0.3795177 -9.457257
    ##  4  1963 4.059509 -6.370679 -0.4142514 -9.343155
    ##  5  1964 4.037689 -6.322247 -0.4453354 -9.237739
    ##  6  1965 4.033983 -6.294668 -0.4970607 -9.123903
    ##  7  1966 4.047537 -6.252545 -0.4668377 -9.019822
    ##  8  1967 4.052911 -6.234581 -0.5058834 -8.934403
    ##  9  1968 4.045507 -6.206894 -0.5224125 -8.847967
    ## 10  1969 4.046355 -6.153140 -0.5591105 -8.788686
    ## # ... with 332 more rows

You can even pass a further function to `select_if()` that will be
applied to the selected columns:

``` sourceCode r
gasoline %>% select_if(is.numeric, toupper)
```

    ## # A tibble: 342 x 5
    ##     YEAR LGASPCAR  LINCOMEP      LRPMG  LCARPCAP
    ##  * <int>    <dbl>     <dbl>      <dbl>     <dbl>
    ##  1  1960 4.173244 -6.474277 -0.3345476 -9.766840
    ##  2  1961 4.100989 -6.426006 -0.3513276 -9.608622
    ##  3  1962 4.073177 -6.407308 -0.3795177 -9.457257
    ##  4  1963 4.059509 -6.370679 -0.4142514 -9.343155
    ##  5  1964 4.037689 -6.322247 -0.4453354 -9.237739
    ##  6  1965 4.033983 -6.294668 -0.4970607 -9.123903
    ##  7  1966 4.047537 -6.252545 -0.4668377 -9.019822
    ##  8  1967 4.052911 -6.234581 -0.5058834 -8.934403
    ##  9  1968 4.045507 -6.206894 -0.5224125 -8.847967
    ## 10  1969 4.046355 -6.153140 -0.5591105 -8.788686
    ## # ... with 332 more rows

Another verb, similar to `select()`, is `pull()`. Let's compare the two:

``` sourceCode r
gasoline %>% select(lrpmg)
```

    ## # A tibble: 342 x 1
    ##         lrpmg
    ##  *      <dbl>
    ##  1 -0.3345476
    ##  2 -0.3513276
    ##  3 -0.3795177
    ##  4 -0.4142514
    ##  5 -0.4453354
    ##  6 -0.4970607
    ##  7 -0.4668377
    ##  8 -0.5058834
    ##  9 -0.5224125
    ## 10 -0.5591105
    ## # ... with 332 more rows

``` sourceCode r
gasoline %>% pull(lrpmg)
```

    ##   [1] -0.33454761 -0.35132761 -0.37951769 -0.41425139 -0.44533536
    ##   [6] -0.49706066 -0.46683773 -0.50588340 -0.52241255 -0.55911051
    ##  [11] -0.59656122 -0.65445914 -0.59633184 -0.59444681 -0.46602693
    ##  [16] -0.45414221 -0.50008372 -0.42191563 -0.46960312 -0.16570961
    ##  [21] -0.17173098 -0.22229138 -0.25046225 -0.27591057 -0.34493695
    ##  [26] -0.23639770 -0.26699499 -0.31116076 -0.35480852 -0.37794044
    ##  [31] -0.39922992 -0.31064584 -0.37309192 -0.36223563 -0.36430848
    ##  [36] -0.37896584 -0.43164133 -0.59094964 -0.97210650 -0.97229024
    ##  [41] -0.97860756 -1.01904791 -1.00285696 -1.01712549 -1.01694436
    ##  [46] -1.02359713 -1.01984524 -1.03686389 -1.06733308 -1.05803676
    ##  [51] -1.09966703 -1.13316142 -1.12379997 -1.18568427 -1.06179659
    ##  [56] -1.07084448 -1.07495073 -0.19570260 -0.25361844 -0.21875400
    ##  [61] -0.24800936 -0.30654923 -0.32701542 -0.39618846 -0.44257369
    ##  [66] -0.35204752 -0.40687922 -0.44046082 -0.45473954 -0.49918863
    ##  [71] -0.43257185 -0.42517720 -0.39395431 -0.35361534 -0.35690917
    ##  [76] -0.29068135 -0.01959833 -0.02386000 -0.06892022 -0.13792900
    ##  [81] -0.19784646 -0.23365325 -0.26427164 -0.29405795 -0.32316179
    ##  [86] -0.31519087 -0.33384616 -0.37945667 -0.40781642 -0.47503429
    ##  [91] -0.21698191 -0.25838174 -0.24651309 -0.22550681 -0.38075942
    ##  [96] -0.18591078 -0.23095384 -0.34384171 -0.37464672 -0.39965256
    ## [101] -0.43987825 -0.54000197 -0.54998139 -0.43824222 -0.58923137
    ## [106] -0.63329520 -0.67176311 -0.71797458 -0.72587521 -0.56982876
    ## [111] -0.56482380 -0.62481298 -0.59761210 -0.62817279 -0.08354740
    ## [116] -0.10421997 -0.13320751 -0.15653576 -0.18051772 -0.07793999
    ## [121] -0.11491900 -0.13775849 -0.15375883 -0.17986997 -0.20252426
    ## [126] -0.06761078 -0.11973059 -0.05191029  0.31625351  0.20631574
    ## [131]  0.19319312  0.23502961  0.16896037 -0.07648118 -0.12040874
    ## [136] -0.14160039 -0.15232915 -0.24428212 -0.16899366 -0.21071901
    ## [141] -0.17383533 -0.21339314 -0.27162842 -0.32069023 -0.36041067
    ## [146] -0.42393131 -0.64567297 -0.55343875 -0.64126416 -0.66134256
    ## [151] -0.56011483 -0.66277808  0.16507708 -0.08559038 -0.18351291
    ## [156] -0.26541405 -0.42609643 -0.32712637 -0.24887418 -0.19160048
    ## [161] -0.20616656 -0.24756681 -0.23271512 -0.14822267 -0.21508857
    ## [166] -0.32508487 -0.22290860 -0.03270913  0.10292798  0.16418805
    ## [171]  0.03482212 -0.14532271 -0.14874940 -0.18731459 -0.19996473
    ## [176] -0.20386433 -0.23786571 -0.27411537 -0.33167240 -0.35126918
    ## [181] -0.41685019 -0.46203546 -0.43941354 -0.52100094 -0.46270739
    ## [186] -0.19090636 -0.15948473 -0.20726559 -0.21904447 -0.28707638
    ## [191] -0.20148480 -0.21599265 -0.25968008 -0.29718661 -0.36929389
    ## [196] -0.34197503 -0.34809007 -0.31232019 -0.44450431 -0.41694955
    ## [201] -0.39954544 -0.43393029 -0.31903240 -0.42728193 -0.35253685
    ## [206] -0.43426178 -0.42908393 -0.46474195 -0.55791459 -0.13968957
    ## [211] -0.15790514 -0.19908809 -0.23263318 -0.26374731 -0.31593124
    ## [216] -0.25011726 -0.26555763 -0.30036775 -0.33823045 -0.39072560
    ## [221] -0.30127223 -0.26023925 -0.33880765 -0.15100924 -0.32726757
    ## [226] -0.35308752 -0.38255762 -0.30765935  1.12531070  1.10956235
    ## [231]  1.05700394  0.97683534  0.91532254  0.81666055  0.75671751
    ## [236]  0.74130811  0.70386453  0.66948950  0.61217208  0.60699563
    ## [241]  0.53716844  0.43377166  0.52492096  0.62955545  0.68385409
    ## [246]  0.52627167  0.62141374 -2.52041588 -2.57148340 -2.53448158
    ## [251] -2.60511224 -2.65801626 -2.64476790 -2.63901460 -2.65609762
